   1  -4.49984800  -4.49984800
   2  -2.76727063  -4.49984800
   3  -1.76696662  -4.49984800
   4  -0.03438926  -4.49984800
   5   1.69818847  -4.49984800
   6   2.69849248  -4.49984800
   7   4.49984800  -4.49984800
   8   3.62591964  -4.00865509
   9   0.83189961  -3.99969630
  10  -3.63355931  -3.99969599
  11  -0.90067794  -3.99969599
  12   1.75331819  -3.50106432
  13   2.75362220  -3.50106432
  14   4.48702225  -3.49962622
  15  -4.49984800  -3.49954399
  16  -2.76727063  -3.49954399
  17  -1.76696662  -3.49954399
  18  -0.03438926  -3.49954399
  19   0.88702365  -3.00091232
  20   3.61990787  -3.00090710
  21  -3.63355931  -2.99939198
  22  -0.90067794  -2.99939198
  23   1.75331234  -2.50076032
  24   0.02073514  -2.50076002
  25   2.75361634  -2.50076002
  26   4.49984800  -2.49940444
  27  -4.49984800  -2.49923998
  28  -2.76727063  -2.49923998
  29  -1.76696662  -2.49923998
  30  -0.84555354  -2.00060802
  31   0.88702382  -2.00060802
  32   3.62137191  -2.00060417
  33  -3.63355931  -1.99908797
  34   1.75331571  -1.50045611
  35  -2.71214623  -1.50045601
  36  -1.71184223  -1.50045601
  37   0.02073514  -1.50045601
  38   2.75361972  -1.50045601
  39   4.48692711  -1.49918388
  40  -4.49984800  -1.49893597
  41  -3.57843492  -1.00030401
  42  -0.84555354  -1.00030401
  43   0.88702382  -1.00030401
  44   3.61990680  -1.00030123
  45  -4.44472360  -0.50015200
  46  -2.71214623  -0.50015200
  47  -1.71184223  -0.50015200
  48   0.02073514  -0.50015200
  49   1.75331251  -0.50015200
  50   2.75361651  -0.50015200
  51   4.49984800  -0.49896332
  52  -3.57843492  -0.00000000
  53  -0.84555354  -0.00000000
  54   0.88702382  -0.00000000
  55   3.62117882   0.00000197
  56  -4.49984800   0.49863196
  57  -2.71214623   0.50015200
  58  -1.71184223   0.50015200
  59   0.02073514   0.50015200
  60   1.75331384   0.50015200
  61   2.75361785   0.50015200
  62   4.48683032   0.50125598
  63  -3.63355931   0.99878397
  64  -0.84555354   1.00030401
  65   0.88702382   1.00030401
  66   3.61990587   1.00030517
  67  -4.49984800   1.49893597
  68  -2.76727063   1.49893597
  69  -1.76696662   1.49893597
  70   0.02073514   1.50045601
  71   1.75331251   1.50045601
  72   2.75361651   1.50045601
  73   4.49984800   1.50147528
  74  -3.63355931   1.99908797
  75  -0.90067794   1.99908797
  76   0.88702382   2.00060802
  77   3.62098247   2.00060860
  78  -4.49984800   2.49923998
  79  -2.76727063   2.49923998
  80  -1.76696662   2.49923998
  81  -0.03438926   2.49923998
  82   1.75331251   2.50076002
  83   2.75361651   2.50076002
  84   4.48673204   2.50169329
  85  -3.63355931   2.99939198
  86  -0.90067794   2.99939198
  87   0.83189943   2.99939198
  88   3.61990520   3.00091203
  89  -4.49984800   3.49954399
  90  -2.76727063   3.49954399
  91  -1.76696662   3.49954399
  92  -0.03438926   3.49954399
  93   1.69818811   3.49954399
  94   2.69849212   3.49954399
  95   4.49984800   3.50191131
  96  -3.63355931   3.99969599
  97  -0.90067794   3.99969599
  98   0.83189943   3.99969599
  99   3.56478080   3.99969599
 100  -4.49984800   4.49984800
 101  -2.76727063   4.49984800
 102  -1.76696662   4.49984800
 103  -0.03438926   4.49984800
 104   1.69818811   4.49984800
 105   2.69849212   4.49984800
 106   4.43106948   4.49984800
